0
2.9156707644462587
1.8259833693504333
1.608418071269989
1.503304398059845
1.4204289674758912
1.3161122918128967
1.282969307899475
1.2344395697116852
1.1149382054805757
1.0287957191467285
1.015443843603134
0.9925248801708222
1.0048059105873108
0.974298095703125
0.8850553750991821
0.9302705764770508
0.8573833763599396
0.8251990139484405
0.8038191974163056
0.760832566022873
0.7447291851043701
0.7852562308311463
0.7454175651073456
0.7039847254753113
0.6771889626979828
0.6757284879684449
0.6406287848949432
0.5981099396944046
0.5642100960016251
0.5634171754121781
0.591565015912056
0.53687205016613
0.51350257396698
0.4722503662109375
0.4464650690555573
0.444547513127327
0.43416114449501036
0.4161395192146301
0.38508698642253875
0.35307205021381377
0.376300248503685
0.3682348161935806
0.3493420720100403
0.30087980479001997
0.2724505037069321
0.25794813334941863
0.23906307369470597
0.23454252630472183
0.24063161462545396
0.23135921955108643
0.22294641882181168
0.21452209651470183
0.18645958453416825
0.1683181792497635
0.16031747534871102
0.15482116639614105
0.1351365029811859
0.13583213686943055
0.12621282041072845
0.10574430152773857
0.0949899472296238
0.09120071902871132
0.09488553255796432
0.08283190950751304
0.08083504363894463
0.08590858057141304
0.0775655098259449
0.06504808478057385
0.06203171201050282
0.05244919061660767
0.04550471715629101
0.04518717937171459
0.0431778222322464
0.039025869220495224
0.038991341926157476
0.03893398977816105
0.03661878444254398
0.03384261410683394
0.03351477291435003
0.029831057973206045
0.03136138673871756
0.025499511696398258
0.0263729315251112
0.027812407352030277
0.025259163230657578
0.022021622955799104
0.022803536802530288
0.021730244345963
0.018909227196127178
0.016789552196860312
0.016438206564635037
0.014740458782762289
0.01442030444741249
0.013156753685325383
0.013937766663730145
0.01275411369279027
0.014867196511477231
0.014854626450687646
0.01715838760137558
0.015370326023548842
0.013896355964243412
0.013186073955148458
0.013393779657781124
0.010031306650489569
0.009297478664666414
0.011117119155824185
0.01158789093606174
0.01173399593681097
0.010695574525743722
0.009429721906781197
0.010266295541077853
0.010301448870450258
0.008782605640590191
0.008843132946640252
0.008970841020345687
0.0073540440760552885
0.006672126287594437
0.00568928113207221
0.005164899211376905
0.0047608703607693315
0.00455361467320472
0.0050915565574541684
0.0047693183878436685
0.006499152863398194
0.006453414401039481
0.005799735430628061
0.0062901749275624756
0.006594705441966653
0.005562288966029882
0.0064695699140429495
0.008478234382346272
0.00998362354002893
0.011424693837761879
0.00894374786876142
0.00761998095549643
0.007699658675119281
0.007561632245779037
0.007513723010197282
0.007766819885000586
0.007339542405679822
0.008058556774631142
0.006379933725111186
0.0059587334282696245
0.005774357938207686
0.0053211268037557605
0.004800682561472059
0.003984946617856621
0.003780077979899943
0.003451662207953632
0.002986279362812638
0.002632027515210211
0.00398261162918061
0.004636393999680877
0.003829406970180571
0.0031020621536299586
0.003162930510006845
0.003766342531889677
0.003374153561890125
0.003214821522124112
0.0033282767748460174
0.003942200914025307
0.0037613574182614683
0.0038531804922968147
0.0036237281979992985
0.003350216057151556
0.003552723862230778
0.0030497654341161253
0.00274976899381727
0.0025840314337983727
0.002912145690061152
0.002944832888897508
0.0034724927274510263
0.0035751647083088756
0.0043188277399167415
0.005163227533921599
0.00473407965619117
0.005607628473080694
0.0060874845366925
0.008118615299463273
0.007456439267843962
0.0074845146853476765
0.009763209335505962
0.009786833822727204
0.009568022191524505
0.010583411902189255
0.011887140665203333
0.012787725124508143
0.011491961590945721
0.010234635788947344
0.01083248183131218
0.009386114962399005
0.010423650266602635
0.012966073397547007
0.016942370124161242
0.01985248327255249
0.0181843844242394
0.016587120946496725
0.014150234777480364
0.019247574917972087
0.014861534256488085
0.013650756049901246
0.012008980195969344
0.009767079912126064
0.009586498886346818
0.010450624115765094
0.010143529344350099
0.00876822043210268
0.009510417096316814
0.01035755155608058
0.009437014814466238
0.008351497165858746
0.007059326022863388
0.006676246225833893
0.0059593697544187306
0.005530719039961695
0.004043142753653228
0.003833981230854988
0.003703771298751235
0.00422893650829792
0.0046365749789401885
0.0041141730267554525
0.003303496725857258
0.0023942095809616148
0.001864454080350697
0.00196694687474519
0.0017746994155459106
0.0014247034676373004
0.0012320120062213392
0.0010316314524970948
0.0010444330167956651
0.0009691050858236849
0.0010247900558169932
0.0009349625499453396
0.0008305742288939655
0.0007120947062503547
0.000586014537839219
0.0005102428782265634
0.0006107502820668742
0.0006384118460118771
0.0008880724548362195
0.0010296562453731895
0.0009670035215094686
0.0015589129645377398
0.0013853503623977304
0.001191045658197254
0.0013821943080984055
0.001267938909586519
0.001144224643940106
0.0011938843061216175
0.0011508658237289638
0.0011523476045113058
0.0014254979323595762
0.0015671507688239216
0.001969943183939904
0.002269247535150498
0.0020137075218372045
0.002006933488883078
0.0018171707284636795
0.0017227238044142724
0.0018667036667466164
0.0023460691911168395
0.0026794890756718813
0.004026051820255816
0.004671656107529998
0.006891327351331711
0.010207639494910836
0.03059224933385849
0.10671860724687576
0.3319589540362358
0.7004152327775955
1.1358643531799317
0.6981924593448638
0.4297035872936249
0.31251012086868285
0.2322544664144516
0.17224065363407134
0.14000068306922914
0.11209829896688461
0.08110305145382882
0.062440629303455356
0.05134296864271164
0.042436831071972846
0.036760523356497286
0.028552673943340778
0.022106817364692687
0.016604984179139137
0.013819402642548084
0.012753996811807156
0.011386802326887846
0.008247906994074582
0.006981797004118562
0.006047361716628075
0.005296164122410118
0.004818873759359121
0.004287849366664887
0.0039023392600938678
0.003444641176611185
0.0033852204214781523
0.0033412961987778545
0.003647217177785933
0.003798505011945963
0.0026165534975007175
0.002241784706711769
0.0019848928786814213
0.0018553765024989844
0.0016715625650249421
0.0016389849246479572
0.001496051996946335
0.0013548578193876893
0.0013476349762640894
0.0012203147285617887
0.0012472562433686108
0.0011931572866160423
0.0011774679471272976
0.0012615063111297785
0.0010526990983635188
0.0009400055685546249
0.0010675648809410632
0.0009737072163261473
0.001287336938548833
0.0009689741127658635
0.0008927032235078513
0.0007532640709541738
0.000630516157252714
0.0006011897348798811
0.0005350410385290161
0.00047647115134168415
0.00045766517578158525
0.00042492240900173785
0.0004357242229161784
0.0004926132183754817
0.00046582948125433176
0.0005039716837927699
0.0006078151927795261
0.000595704565057531
0.0005375915789045393
0.0004716304858447984
0.00047954246401786803
0.0004962837265338749
0.0004108998575247824
0.0003990385157521814
0.0003586709703085944
0.0003386796423001215
0.0003166075897752307
0.0003976715146563947
0.00034767059842124584
0.00036635873257182536
0.0003649290883913636
0.0003418679436435923
0.00028346146136755125
0.0002459811919834465
0.0002703941019717604
0.00029472343594534324
0.00029665291658602654
0.00030928279156796636
0.0003506072127493098
0.00036136503476882356
0.0003639376081991941
0.0003635395361925475
0.0005085005424916745
0.0005171518510906026
0.0005811569542856887
0.0006188831554027274
0.0007056439819280059
0.0007420930953230709
0.0007791358453687281
0.0008525268582161516
0.0006664875691058114
0.0007121123955585063
0.0008581586007494479
0.0009436889551579953
0.001271211140556261
0.0013750297017395496
0.0014495071722194553
0.0012710734270513057
0.0012519137584604324
0.0013656735420227051
0.00143121094442904
0.0016973436577245593
0.0015021770144812764
0.0015728794503957033
0.0016892845276743173
0.0014407067908905446
0.0016010774183087052
0.0020571903442032635
0.0018553349538706243
0.001929560152348131
0.0017882268759422005
0.001927787030581385
0.0018002349650487303
0.0019128980115056039
0.0017276969156228006
0.0018896352965384721
0.0016645354451611638
0.0016011336469091476
0.0013577822828665376
0.001635884481947869
0.0018488983740098774
0.0018653722014278173
0.0017868359573185444
0.0014785580686293542
0.0012558685149997473
0.0012522609322331846
0.0012350909295491875
0.0012361190398223697
0.0014114221092313528
0.0017269588075578212
0.0020975965075194837
0.0017874973360449075
0.0015970849199220538
0.0013567032758146525
0.001250603934749961
0.0010108931513968856
0.00102595952921547
0.001013261778280139
0.0012768096814397723
0.00130714091937989
0.0012352048303000628
0.0012554317014291882
0.0010957002639770507
0.000975730427308008
0.001056389429140836
0.0011991709121502935
0.0012950028060004116
0.0011144056799821556
0.0012412453826982528
0.0011425612727180123
0.0014900689828209579
0.001411731488769874
0.0013710135826840997
0.0012679492472670972
0.0014467626577243208
0.0016744588036090135
0.0019563798676244916
0.001852880953811109
0.0021632878575474023
0.0024711333913728594
0.002715742588043213
0.002535181143321097
0.002697269688360393
0.0025844675488770007
0.002894170838408172
0.0030616261065006256
0.003153669787570834
0.0042666388675570485
0.005038297805003822
0.005538540775887668
0.00590622927993536
0.005131947761401534
0.00496609671972692
0.004601950058713555
0.005044905887916684
0.006138150626793504
0.005831469409167766
0.005710498616099358
0.006655033072456717
0.005727389547973871
0.005951503431424499
0.0062635482754558325
0.005816121539101005
0.006043475121259689
0.0059879370033741
0.00619634035974741
0.005827694153413177
0.005565578537061811
0.005770758748985827
0.005512539111077785
0.006121036969125271
0.005139291239902377
0.004790323018096387
0.0038492845604196193
0.0029414104763418438
0.002844224695581943
0.002541690587531775
0.0021371744107455013
0.0018726643873378634
0.0016839396907016636
0.0013892294489778578
0.0013813096680678426
0.0016356845619156957
0.0014355138293467462
0.0011743503855541348
0.0012678954866714776
0.0016092022298835218
0.001668310130480677
0.0015468670520931483
0.0013068755390122533
0.001152775762602687
0.0008840878319460899
0.0008983969048131258
0.0009395838307682425
0.0011325195315293967
0.0009695835295133292
0.0009147371340077371
0.0007801700092386454
0.0008566748409066349
0.0008313736238051206
0.000695484789321199
0.0006986391555983574
0.0006521554139908403
0.0005585670296568424
0.000533621889189817
0.00048073161160573364
0.0004359485232271254
0.0003895588481100276
0.000420750942430459
0.00035914917243644594
0.0002983032274642028
0.00024727087293285877
0.000220123230246827
0.00022772150696255268
0.000229657583986409
0.00026526935398578643
0.0004288059892132878
0.0005793316289782524
0.0006512852560263127
0.0004847529926337302
0.000538977311225608
0.0005624622834147885
0.0004640286992071196
0.00047517327184323224
0.0006295303464867175
0.0008043292647926137
0.0008778880524914712
0.0011138632777146994
0.001331614691298455
0.0019888366921804847
0.0034140247385948896
0.004269806621596217
0.004293095949105918
0.005946318875066936
0.00675297318957746
0.007749571418389678
0.00903033185750246
0.010515212640166282
0.012729598861187696
0.013339688535779715
0.01355624496936798
0.01588806780055165
0.021082592755556108
0.022332920879125594
0.03414374515414238
0.0356774328276515
0.04922550059854984
0.05029541552066803
0.03968803398311138
0.03346207179129124
0.028855309821665287
0.02040190063416958
0.014855797775089741
0.011009075585752726
0.00936330882832408
0.009880547225475312
0.00816504806280136
0.005375054199248552
0.00434133461676538
0.0030418212525546552
0.002653536922298372
0.0020444705965928732
0.0017569319345057011
0.0014444238971918822
0.0011745999567210675
0.0008785632497165352
0.0006786590383853763
0.0005146246374351903
0.00038462738593807443
0.0003204143067705445
0.00026473049802007155
0.000209883572824765
0.00017253032856388018
0.00014827150371274911
0.00010758709759102203
9.196535611408763e-05
7.412134145852178e-05
7.224408072943333e-05
5.6321018928429115e-05
4.509732425503898e-05
4.3602494952210694e-05
3.785176195378881e-05
3.28639669533004e-05
3.325432444398757e-05
3.5602345087681896e-05
2.9202364748925903e-05
2.4905117970774882e-05
2.836013773048762e-05
3.3327801793348046e-05
4.308173338358756e-05
5.149480020918418e-05
4.457041613932233e-05
3.526154105202295e-05
3.1818176285014485e-05
3.205693865311332e-05
3.096784439549083e-05
2.7857912573381328e-05
2.6344628349761478e-05
2.414034588582581e-05
2.2266360065259506e-05
2.000745180339436e-05
1.6485145079059293e-05
1.6616507946309866e-05
1.609733308214345e-05
1.3809052688884549e-05
1.1295655804133276e-05
1.1076212376792683e-05
8.564521431253525e-06
6.800447545174393e-06
6.019361353537533e-06
5.982555558148306e-06
6.457537256210344e-06
6.723784827045165e-06
7.416295466100564e-06
8.358964714716422e-06
6.281309788391809e-06
5.798738266094006e-06
7.019571603450458e-06
8.405354356000316e-06
1.019133860609145e-05
8.784888814261649e-06
8.747606489123428e-06
8.63684608702897e-06
8.705384652785142e-06
9.15576324587164e-06
1.355525073449826e-05
1.4953814388718457e-05
1.4229712087399094e-05
1.566141836519819e-05
1.6137661532411585e-05
1.957602644324652e-05
2.1980926248943433e-05
2.446062189846998e-05
2.276883624290349e-05
2.34891211221111e-05
2.469872124493122e-05
2.6648526545614005e-05
2.5472988454566803e-05
2.5699386424093972e-05
3.09787055812194e-05
3.76060761482222e-05
4.864528291363968e-05
6.308333831839263e-05
6.330584801617078e-05
6.344569046632387e-05
6.919720763107762e-05
0.0001207527682709042
0.00015196057211142033
0.0003062316871364601
0.0003944049938581884
0.0005188859242480249
0.0006609109957935288
0.0008985536347609014
0.0010271248931530863
0.0011236980790272355
0.0015415659756399692
0.002036903391126543
0.004576105950400233
0.005614292901009321
0.005657882895320654
0.006601412873715162
0.00769476224668324
0.00868182685226202
0.011388403363525867
0.01590858632698655
0.020328687224537133
0.02078497428447008
0.02020947253331542
0.020767496805638073
0.02112611448392272
0.019574057310819626
0.01909450478851795
0.016761524975299834
0.014449096191674471
0.012629582732915878
0.009495339775457978
0.007736553391441703
0.0062326221261173485
0.0051779650617390875
0.004448016383685171
0.0034719415474683047
0.0029275570530444385
0.002710667159408331
0.0028397235088050365
0.0026454004808329048
0.003039363049902022
0.0020256733056157827
0.0014307240373454988
0.0011168400524184108
0.0008925914415158331
0.0007695966749452054
0.0006231677427422256
0.0005044497520430014
0.00046396645484492183
0.0004204249242320657
0.00033843624987639487
0.00032887831184780225
0.00029218842391856017
0.00026153724611504
0.00021551215904764832
0.00019921809289371594
0.00019094508315902202
0.00025174424081342295
0.0002657274395460263
0.00018021020659944042
0.00015931094822008163
0.00013152160827303305
0.00010977484635077417
9.027057822095231e-05
7.485786227334756e-05
5.4901996918488294e-05
5.1602864186861555e-05
4.3961554547422564e-05
3.477927839412587e-05
3.4118248822778693e-05
3.566192044672789e-05
3.896105554304086e-05
3.4787725053320176e-05
3.1687399678048676e-05
2.6420933863846585e-05
2.3380655511573424e-05
1.8909984009951587e-05
2.782186711556278e-05
3.644543376140064e-05
3.2241226654150525e-05
2.8869804009445942e-05
2.9742079095740338e-05
3.3480963975307534e-05
4.066590026923223e-05
4.480052211874863e-05
4.4274379615671935e-05
3.8896750629646705e-05
4.6532691703760066e-05
4.3485541391419245e-05
4.2338423008914104e-05
5.0950500735780224e-05
4.625325054803397e-05
4.2705559280875605e-05
3.979202447226271e-05
3.733935318450676e-05
3.264500246586976e-05
3.2500189445272556e-05
3.267018382757669e-05
3.331135521875694e-05
3.42664381605573e-05
3.415629853407154e-05
3.638786874944344e-05
4.3327292587491684e-05
4.94373613037169e-05
5.032212593505392e-05
8.076701597019565e-05
8.841766029945574e-05
0.00010981879677274264
0.0001275246890145354
0.0002107637730659917
0.00026633069501258433
0.0004292497906135395
0.0004876514140050858
0.0005178607068955898
0.0005822401260957121
0.0006642779626417905
0.0006624863570323214
0.0006597500352654607
0.0008236573252361268
0.0014874419022817165
0.001526966184610501
0.001789112575352192
0.0021098323399201036
0.0028954384615644813
0.0034459792310371994
0.00398025733884424
0.005642032227478921
0.008585672127082944
0.010782938543707132
0.013463230151683093
0.014623602759093047
0.01853111172094941
0.024319411255419254
0.025147620029747485
0.026940064691007137
0.02122391201555729
0.018379281833767892
0.015797882992774247
0.01579433986917138
0.016334144119173288
0.012635795772075653
0.009441833710297942
0.00965178171172738
0.00826862626709044
0.007937867101281882
0.007715460937470197
0.006500952830538154
0.005392807675525546
0.004027882590889931
0.0027449041372165084
0.0021975142299197614
0.001906685414724052
0.0017665179679170252
0.001375281362561509
0.0011238577193580569
0.0007837670214939863
0.0005242813931545243
0.0004146143182879314
0.00045239819737616924
0.00037627618003170936
0.00026803400542121383
0.00019570666627259924
0.0001515407260740176
0.00012226540711708368
9.613993097445928e-05
8.057441445998847e-05
5.708330718334764e-05
5.1464645002852195e-05
4.328907452872954e-05
3.918811253242893e-05
3.335673609399237e-05
3.101613838225603e-05
2.504891272110399e-05
2.233398017779109e-05
1.9945940766774584e-05
1.9486272776703117e-05
2.7708314701158087e-05
2.4337276045116596e-05
2.0904480152239557e-05
1.809068889997434e-05
1.8170483963331206e-05
1.6161089661181904e-05
1.756572519298061e-05
1.884784242065507e-05
1.6111408240249147e-05
1.5791363148309755e-05
1.3266211135487538e-05
1.1237277431064285e-05
1.1168267883476802e-05
1.2472952494135826e-05
1.1574327618291137e-05
1.1090465250163106e-05
1.1425518277974333e-05
1.127405021179584e-05
1.3736537130171201e-05
1.4458371242653812e-05
1.627061183171463e-05
2.3188915656646712e-05
2.0229885831213323e-05
2.407771953585325e-05
2.388897146374802e-05
2.198321835749084e-05
2.3757555936754216e-05
2.9607491342176218e-05
3.810885718849022e-05
4.678013428929262e-05
4.74032865895424e-05
5.653200314554851e-05
7.732705817034002e-05
9.411353094037622e-05
0.00010223325807601213
9.647743572713808e-05
0.00010984593172906898
9.630169879528693e-05
0.00011100147967226803
0.00013967906561447309
0.00016948079792200588
0.00020778387261088938
0.0002470640931278467
0.00025494902511127295
0.0002611127245472744
0.00027695580065483226
0.0003952876053517684
0.00043346811726223676
0.0004127185238758102
0.00044058856437914076
0.00044513774337247015
0.000429764948785305
0.00043306183943059295
0.000566125157638453
0.0006669425696600228
0.0009075888432562351
0.000996187620330602
0.0014626006130129098
0.0015729879611171781
0.0015805280534550547
0.0016768978326581418
0.0018914506770670414
0.002334396413061768
0.003508267505094409
0.004133649705909193
0.005169979436323047
0.006266407901421189
0.00792828518897295
0.009913906455039978
0.01209990493953228
0.01209014281630516
0.011989978887140752
0.010739964712411166
0.008751534763723612
0.008725339267402887
0.006908217957243323
0.006775515386834741
0.006102740974165499
0.005027356883510947
0.005329258041456342
0.004464621818624437
0.00491171742323786
0.005232779798097909
0.004514176142401993
0.005289027793332934
0.004057974531315267
0.003880942100659013
0.003319511958397925
0.0036414205795153977
0.0030785536393523215
0.002489379304461181
0.0019216954940930008
0.0019476051558740437
0.0015902895829640329
0.000998421316035092
0.0009218314604368061
0.0007814668322680518
0.0008851456979755313
0.0009433004481252283
0.0009739961416926235
0.0013424092554487287
0.00120935914455913
0.0011510173906572163
0.001086634467355907
0.0010234507266432048
0.0010497256880626082
0.0009061646589543671
0.0006747589155565948
0.0005963179195532575
0.0004689699067967013
0.0004550103010842577
0.00047569864545948803
0.0003864127822453156
0.00035640096029965207
0.0003345588338561356
0.0004332027543568984
0.00039920256822369995
0.00035660380817716943
0.0003344552664202638
0.0003401501904590987
0.00032027347915573043
0.0003552835056325421
0.0003460129228187725
0.00027726679400075227
0.00020767660898854957
0.00017208906865562312
0.00015669322820031085
0.0001411389843269717
0.00014832080560154282
0.00011647567080217414
0.00010647912058630027
0.00010984002947225235
0.00011110312480013817
9.497943028691225e-05
9.088962979149073e-05
9.941184252966195e-05
0.00013275772689667065
0.00014100362823228353
0.00019376932905288414
0.0002284407542902045
0.00022507573303300887
0.00018882727308664471
0.00019552011508494616
0.00023556478408863767
0.00031388823554152624
0.00034354134404566137
0.00033503841841593386
0.0003614999091951177
0.0005092715698992833
0.0006799749768106267
0.0008490255859214813
0.0011255065153818577
0.0010941972897853703
0.0013253846496809273
0.0015405239304527641
0.00227701342664659
0.002838614268694073
0.004263123241253197
0.0043617386370897295
0.00547702400945127
0.009135164320468903
0.009247042983770371
0.010266700387001037
0.016731518041342496
0.019050114322453737
0.0219383904710412
0.023220207821577788
0.02569914236664772
0.06712613664567471
0.09152497947216034
0.07963355258107185
0.06186747290194035
0.042690587043762204
0.03177936989814043
0.024808674678206445
0.01758000859990716
0.012183959130197763
0.0077031289227306845
0.005473881214857102
0.004350810241885483
0.002958762925118208
0.002015861845575273
0.001234463625587523
0.0009359229006804526
0.0006729951302986592
0.0005913041124586016
0.00036972759116906675
0.0002991204135469161
0.00023582583526149392
0.00018571936670923604
0.00013365687118493952
0.00010881431517191231
9.399218615726567e-05
8.031790748646017e-05
7.591720022901428e-05
5.44664311746601e-05
4.2787826350831894e-05
3.79067811081768e-05
3.1980250969354526e-05
2.5162466226902324e-05
2.2046608410164482e-05
1.927760049511562e-05
1.8396080758975585e-05
1.777331162884366e-05
1.675207204243634e-05
1.378601723445172e-05
1.2245713060110575e-05
1.1496671231725485e-05
1.0028568112829817e-05
8.860842854119255e-06
8.144589082803578e-06
7.853392480683396e-06
6.731453549946309e-06
6.7921548179583626e-06
6.565991793650028e-06
7.779000952723436e-06
6.809749629610451e-06
5.821252489113249e-06
5.0013464488074534e-06
4.4901096771354785e-06
4.493129085858527e-06
4.211905638840107e-06
3.4386586548862395e-06
3.213212721675518e-06
2.833709163496678e-06
2.4994425984914416e-06
2.4355398522857287e-06
2.639484000610537e-06
2.4334553700100515e-06
2.179943840019405e-06
2.139260345757066e-06
2.1443213768179704e-06
1.9848115016429803e-06
1.9210617324461054e-06
1.8438700521983264e-06
2.0490419160523744e-06
2.1017988274252275e-06
1.8714651560003403e-06
2.1337248881536654e-06
2.0393322074596655e-06
2.020716590322991e-06
1.943524557646015e-06
1.7706441099107907e-06
2.9414223376988957e-06
4.688310616529634e-06
3.792227539634041e-06
3.923746953660157e-06
4.331870127316506e-06
5.098509677736729e-06
5.601650832431914e-06
7.586054562125355e-06
6.599840844501159e-06
7.384437549262657e-06
6.964442582102492e-06
7.541985041825683e-06
7.003015343798324e-06
6.4251453750330255e-06
6.69450610075728e-06
6.523329830088187e-06
6.141962285255431e-06
6.434853457903955e-06
5.816035445604939e-06
6.914165442140074e-06
6.601269342354499e-06
6.492182183137629e-06
5.848607497682679e-06
6.296246965575847e-06
8.090765004453714e-06
9.75491266217432e-06
